20180215_190227_000030.jpg 1 1 480 640 -1
20180215_190227_000060.jpg 1 1 480 640 -1
20180215_190227_000090.jpg 1 1 480 640 -1
20180215_190227_000120.jpg 1 1 480 640 -1
20180215_190227_000150.jpg 301 406 341 445 0 386 408 425 436 0 314 135 348 169 0 310 187 356 222 0 454 408 477 441 0
20180215_190227_000180.jpg 84 379 130 414 0 303 317 348 356 0
20180215_190227_000210.jpg 348 51 385 97 0
20180215_190227_000240.jpg 158 155 203 186 0 454 83 477 123 0 409 245 440 285 0
20180215_190227_000270.jpg 346 207 398 246 0 313 160 364 192 0 407 157 445 190 0 264 107 283 141 0 1 115 45 149 0
20180215_190227_000300.jpg 180 190 228 229 0 140 148 174 182 0 120 295 149 326 0
20180215_190227_000330.jpg 1 1 480 640 -1
20180215_190227_000360.jpg 348 404 413 429 0
20180215_190227_000390.jpg 148 375 206 398 0 251 274 281 314 0
20180215_190227_000420.jpg 372 311 402 355 0
20180215_190227_000450.jpg 1 1 480 640 -1
20180215_190227_000480.jpg 258 253 290 293 0
20180215_190227_000510.jpg 257 309 289 352 0 142 351 175 378 0
20180215_190227_000540.jpg 291 136 350 179 0
20180215_190227_000570.jpg 263 247 304 284 0 267 295 301 335 0 296 198 340 236 0 333 359 379 392 0 121 153 172 188 0
20180215_190227_000600.jpg 95 160 134 196 0 251 317 288 352 0 385 170 423 202 0 384 111 425 148 0
20180215_190227_000630.jpg 166 123 204 157 0 51 316 89 350 0 237 274 266 298 0 289 116 322 157 0 362 117 397 155 0 397 115 449 158 0 313 273 352 311 0 160 173 199 210 0 236 174 269 209 0
20180215_190227_000660.jpg 335 98 379 153 0 439 111 478 151 0 54 117 96 160 0 136 119 189 157 0
20180215_190227_000690.jpg 157 124 190 160 0 190 124 217 160 0 218 124 245 160 0 245 125 276 159 0 390 279 424 317 0 20 170 50 199 0 50 169 90 200 0
20180215_190227_000720.jpg 60 142 91 170 0 206 276 239 306 0 303 332 322 366 0 368 206 386 247 0 350 146 378 181 0
20180215_190227_000750.jpg 182 315 200 346 0 219 140 241 174 0 222 92 239 121 0 368 459 431 506 0 143 259 161 291 0 12 146 36 168 0
20180215_190227_000780.jpg 282 459 330 500 0 138 315 152 342 0 147 153 169 182 0 151 113 168 137 0
20180215_190227_000810.jpg 258 465 291 514 0
20180215_190227_000840.jpg 211 436 250 483 0 451 202 477 308 0 417 62 472 129 0
20180215_190227_000870.jpg 334 202 421 314 0 307 80 372 148 0 369 77 432 111 0 295 168 337 223 0
20180215_190227_000900.jpg 235 282 297 308 0 229 259 295 281 0 230 241 296 259 0 228 221 297 242 0 232 201 297 220 0 236 178 295 200 0 190 203 233 223 0 195 182 241 202 0 190 121 249 147 0 190 89 245 117 0 247 85 297 109 0
20180215_190227_000930.jpg 155 204 193 222 0 157 177 197 202 0 166 126 202 158 0 168 103 202 125 0 234 94 258 118 0
20180215_190227_000960.jpg 119 103 155 130 0
20180215_190227_000990.jpg 170 48 208 130 0 174 516 210 590 0 212 515 253 561 0 410 89 433 141 0
20180215_190227_001020.jpg 317 119 341 144 0 316 97 337 116 0 410 101 431 123 0
20180215_190227_001050.jpg 226 153 246 173 0 229 130 247 150 0 161 153 180 174 0 162 132 180 150 0 323 133 359 157 0 364 134 402 155 0 366 285 449 306 0 343 199 398 222 0 285 377 354 441 0
20180215_190227_001080.jpg 184 178 230 200 0 176 113 214 137 0 219 115 259 135 0 129 351 185 400 0 210 259 267 287 0 356 268 371 306 0
20180215_190227_001110.jpg 128 251 149 288 0 361 259 380 299 0
20180215_190227_001140.jpg 145 256 162 291 0 439 127 464 170 0 371 339 387 387 0 391 339 407 390 0 412 338 430 392 0 326 413 344 471 0
20180215_190227_001170.jpg 153 315 170 362 0 170 316 186 368 0 186 319 201 370 0 238 323 255 376 0 194 115 210 157 0
20180215_190227_001200.jpg 12 310 32 359 0 284 372 316 450 0 362 447 422 512 0 370 378 417 446 0
20180215_190227_001230.jpg 289 266 340 307 0 201 465 318 589 0
20180215_190227_001260.jpg 199 267 234 324 0 239 267 278 329 0 336 269 378 332 0 7 275 48 312 0 389 125 427 166 0
20180215_190227_001290.jpg 121 108 163 145 0 1 246 36 299 0 95 243 131 301 0 254 342 318 392 0 457 173 477 234 0
20180215_190227_001320.jpg 219 169 266 230 0 26 334 75 384 0 407 249 435 313 0 438 253 475 313 0 259 80 287 110 0
20180215_190227_001350.jpg 157 247 225 307 0 348 411 390 474 0 351 354 393 406 0 339 177 364 236 0 178 479 271 577 0 277 83 311 119 0 2 79 31 107 0 387 117 407 153 0 386 84 403 114 0
20180215_190227_001380.jpg 382 356 424 421 0 99 123 120 151 0 99 93 119 121 0 4 97 32 126 0 413 257 438 308 0
20180215_190227_001410.jpg 78 345 113 405 0 144 251 165 300 0 362 123 381 151 0 361 85 380 122 0
20180215_190227_001440.jpg 353 440 407 487 0 355 370 406 439 0 253 107 273 145 0 257 74 280 107 0 279 71 309 110 0 341 70 376 108 0 453 88 472 143 0
20180215_190227_001470.jpg 220 433 289 489 0 226 376 286 424 0 101 418 143 475 0 106 374 140 416 0 243 284 279 330 0 97 98 124 129 0 42 102 70 131 0 192 104 218 160 0
20180215_190227_001500.jpg 172 178 213 232 0 344 370 404 442 0 157 74 175 111 0 176 73 200 108 0 202 74 214 109 0 216 72 227 111 0
20180215_190227_001530.jpg 37 336 88 406 0 300 105 328 136 0 301 78 325 103 0 112 492 227 600 0
20180215_190227_001560.jpg 1 1 480 640 -1
20180215_190227_001590.jpg 1 1 480 640 -1
20180215_190227_001620.jpg 1 1 480 640 -1
20180215_190227_001650.jpg 1 1 480 640 -1
20180215_190227_001680.jpg 1 1 480 640 -1
20180215_190227_001710.jpg 1 1 480 640 -1
20180215_190227_001740.jpg 1 1 480 640 -1
20180215_190227_001770.jpg 160 102 241 208 0 242 103 332 216 0 230 520 292 611 0 132 496 216 591 0
20180215_190227_001800.jpg 27 160 108 256 0 113 163 200 261 0 206 164 273 265 0 271 164 344 267 0 111 39 182 112 0 22 23 111 108 0 123 291 255 344 0 352 166 416 230 0 193 44 277 91 0
20180215_190227_001830.jpg 296 34 363 123 0
20180215_190227_001860.jpg 168 548 248 629 0 116 294 191 372 0
20180215_190227_001890.jpg 114 562 232 632 0
20180215_190227_001920.jpg 1 1 480 640 -1
20180215_190227_001950.jpg 1 1 480 640 -1
20180215_190227_001980.jpg 379 23 447 63 0
20180215_190227_002010.jpg 224 156 368 224 0 185 439 289 581 0
20180215_190227_002040.jpg 76 428 198 555 0 82 567 253 642 0 175 292 245 372 0 390 321 443 435 0 284 174 328 236 0
20180215_190227_002070.jpg 123 455 193 561 0 2 295 38 401 0 253 308 326 419 0
20180215_190227_002100.jpg 262 162 331 236 0 379 26 473 74 0
20180215_190227_002130.jpg 2 25 47 71 0 79 565 164 634 0
20180215_190227_002160.jpg 147 457 185 564 0 184 456 222 568 0 225 457 263 569 0 160 174 193 273 0 247 172 269 277 0
20180215_190227_002190.jpg 107 187 145 271 0 134 459 166 565 0 167 462 200 575 0 202 463 232 581 0
20180215_190227_002220.jpg 70 371 129 455 0
20180215_190227_002250.jpg 1 1 480 640 -1
20180215_190227_002280.jpg 235 394 309 470 0 320 391 401 491 0
20180215_190227_002310.jpg 8 387 74 457 0
20180215_190227_002340.jpg 289 301 336 333 0 337 298 388 325 0 334 266 388 295 0 286 263 334 296 0 217 597 277 635 0 275 577 320 635 0 322 561 370 626 0 435 513 460 579 0 457 506 478 569 0
20180215_190227_002370.jpg 170 305 230 338 0 228 305 291 336 0 169 271 228 303 0 229 270 290 303 0 62 563 111 626 0 111 559 160 624 0 158 551 198 619 0 196 543 235 615 0 322 532 358 605 0 361 527 393 599 0 393 525 427 595 0
20180215_190227_002400.jpg 178 308 233 340 0 231 305 287 339 0 172 273 228 307 0 227 269 282 301 0 78 508 117 570 0 119 512 152 576 0 152 514 184 579 0 182 518 214 590 0 297 531 330 605 0 331 534 369 615 0 366 536 400 620 0 4 577 33 632 0 36 575 66 639 0 70 577 107 636 0 109 589 143 637 0 147 595 176 639 0 182 601 208 637 0 252 614 279 640 0 285 619 307 637 0 313 625 333 635 0 340 629 355 640 0 363 633 373 639 0 380 635 390 639 0
20180215_190227_002430.jpg 220 473 247 528 0 251 482 275 544 0 279 495 304 561 0 384 540 421 620 0 427 553 459 639 0 462 567 477 642 0 165 512 184 561 0 182 515 204 567 0 202 525 230 593 0 230 545 250 606 0 251 564 273 621 0 275 576 298 632 0 299 587 313 639 0 353 615 368 642 0 376 629 389 638 0 302 301 346 335 0 303 271 345 297 0 348 304 401 340 0 346 272 398 302 0 52 294 77 311 0 78 290 104 310 0 107 291 125 308 0 83 336 125 350 0
20180215_190227_002460.jpg 389 293 428 328 0 429 297 463 339 0 387 259 425 289 0 427 257 463 293 0 280 489 298 536 0 297 505 317 557 0 317 538 336 589 0 339 557 355 619 0 316 468 338 523 0 336 480 357 542 0 413 562 446 635 0 448 592 467 637 0 251 277 269 295 0 273 277 293 295 0 295 276 307 294 0 270 315 305 330 0 263 330 279 349 0 134 267 138 278 0
20180215_190227_002490.jpg 1 1 480 640 -1
20180215_190227_002520.jpg 1 1 480 640 -1
20180215_190227_002550.jpg 374 120 475 362 0
20180215_190227_002580.jpg 1 1 480 640 -1
20180215_190227_002610.jpg 1 1 480 640 -1
20180215_190227_002640.jpg 299 121 428 353 0
20180215_190227_002670.jpg 1 1 480 640 -1
20180215_190227_002700.jpg 229 186 296 321 0
20180215_190227_002730.jpg 302 479 375 592 0
20180215_190227_002760.jpg 2 442 36 551 0 348 14 376 101 0 379 14 405 103 0 407 15 433 107 0
20180215_190227_002790.jpg 200 157 267 220 0 273 157 392 255 0 0 35 36 117 0
20180215_190227_002820.jpg 403 2 475 46 0 1 268 90 317 0
20180215_190227_002850.jpg 1 141 52 186 0 286 140 417 186 0 421 142 476 187 0
20180215_190227_002880.jpg 154 364 184 405 0 187 368 219 404 0 223 367 251 405 0 252 369 275 403 0 56 439 149 498 0 53 581 162 633 0 0 150 83 192 0 337 7 365 58 0
20180215_190227_002910.jpg 403 447 435 526 0 439 456 473 530 0 417 254 475 342 0 346 18 381 93 0 386 17 420 95 0 343 122 384 225 0 282 367 310 435 0 313 370 343 437 0 344 371 373 442 0 373 368 400 441 0 406 376 470 442 0
20180215_190227_002940.jpg 2 364 27 425 0 32 364 57 422 0 62 362 82 419 0 105 396 168 451 0 51 435 82 504 0 83 435 110 509 0 112 439 136 509 0 136 440 171 513 0 36 255 72 326 0 74 255 108 329 0 110 256 143 324 0 341 429 370 477 0 372 430 391 480 0 393 434 419 479 0 340 461 374 515 0 376 463 401 517 0 401 464 437 514 0
20180215_190227_002970.jpg 3 428 38 493 0
20180215_190227_003000.jpg 137 125 194 214 0
20180215_190227_003030.jpg 156 119 208 210 0 146 365 180 427 0 176 365 208 435 0 206 365 236 431 0 237 365 267 434 0 415 125 466 241 0 365 408 401 507 0
