20180215_185312_000030.jpg 1 1 480 640 -1
20180215_185312_000060.jpg 1 1 480 640 -1
20180215_185312_000090.jpg 1 1 480 640 -1
20180215_185312_000120.jpg 435 375 467 436 0
20180215_185312_000150.jpg 36 332 79 373 0 419 217 480 261 0 357 297 421 345 0 191 226 251 249 0 159 289 195 327 0 168 351 208 391 0 95 342 136 382 0 103 228 127 252 0 121 147 143 204 0 386 123 412 149 0 413 111 446 138 0
20180215_185312_000180.jpg 240 88 313 178 0 284 5 324 54 0 118 94 160 146 0 31 98 75 145 0 294 457 343 543 0 389 90 433 160 0 198 471 248 528 0
20180215_185312_000210.jpg 2 109 38 181 0 157 128 195 202 0 410 308 466 360 0 413 140 460 206 0
20180215_185312_000240.jpg 236 364 325 401 0 326 224 363 251 0 90 284 142 336 0
20180215_185312_000270.jpg 272 212 308 260 0 106 402 152 439 0 3 150 44 196 0 41 60 80 128 0 396 159 448 200 0
20180215_185312_000300.jpg 321 400 349 464 0
20180215_185312_000330.jpg 181 320 238 395 0 333 318 366 400 0 400 417 462 503 0 374 128 395 204 0 26 403 2 473 0
20180215_185312_000360.jpg 90 138 117 211 0 63 239 93 319 0 114 428 168 515 0 185 242 254 316 0 284 232 331 322 0
20180215_185312_000390.jpg 28 229 76 312 0 204 305 243 360 0 368 302 417 363 0 412 115 444 170 0 276 300 329 365 0
20180215_185312_000420.jpg 119 309 162 361 0 368 214 425 260 0 142 130 181 182 0 235 401 294 439 0 368 37 418 74 0
20180215_185312_000450.jpg 118 229 172 282 0 243 227 302 281 0 358 228 411 278 0
20180215_185312_000480.jpg 293 449 342 503 0 353 454 389 509 0 231 90 273 146 0 276 90 318 149 0
20180215_185312_000510.jpg 77 441 130 494 0 293 289 333 331 0 401 163 434 200 0 399 232 441 256 0 399 299 434 329 0 404 87 445 116 0 316 35 362 71 0
20180215_185312_000540.jpg 104 157 135 192 0 150 92 187 133 0 109 285 140 315 0 8 279 48 315 0 223 291 254 326 0 254 292 281 324 0 281 292 311 323 0 224 29 257 62 0
20180215_185312_000570.jpg 204 343 237 369 0 367 162 415 191 0 419 161 471 188 0 211 162 258 188 0 164 162 206 187 0 110 108 159 129 0 107 49 155 73 0
20180215_185312_000600.jpg 240 300 279 378 0 378 229 421 309 0
20180215_185312_000630.jpg 128 229 173 297 0 6 294 46 367 0
20180215_185312_000660.jpg 1 1 480 640 -1
20180215_185312_000690.jpg 160 366 218 435 0
20180215_185312_000720.jpg 64 216 119 296 0
20180215_185312_000750.jpg 312 476 370 549 0 319 384 367 453 0 106 248 137 296 0 90 372 128 412 0 124 313 158 357 0
20180215_185312_000780.jpg 287 250 323 299 0 309 394 368 445 0 171 177 204 211 0 233 173 267 200 0
20180215_185312_000810.jpg 3 235 32 291 0 27 393 76 442 0 259 327 303 397 0
20180215_185312_000840.jpg 361 132 422 189 0 402 480 478 521 0
20180215_185312_000870.jpg 1 1 480 640 -1
20180215_185312_000900.jpg 1 1 480 640 -1
20180215_185312_000930.jpg 1 1 480 640 -1
20180215_185312_000960.jpg 397 409 451 471 0
20180215_185312_000990.jpg 358 204 404 249 0
20180215_185312_001020.jpg 214 148 270 191 0 274 146 345 196 0
20180215_185312_001050.jpg 111 394 185 448 0 394 87 461 139 0 1 148 101 194 0
20180215_185312_001080.jpg 27 80 96 129 0 156 150 202 194 0 322 66 355 111 0 168 331 223 375 0
20180215_185312_001110.jpg 1 1 480 640 -1
20180215_185312_001140.jpg 202 93 243 162 0 413 133 437 202 0
20180215_185312_001170.jpg 121 124 150 193 0
20180215_185312_001200.jpg 1 1 480 640 -1
20180215_185312_001230.jpg 1 1 480 640 -1
20180215_185312_001260.jpg 174 385 236 499 0
20180215_185312_001290.jpg 1 1 480 640 -1
20180215_185312_001320.jpg 1 1 480 640 -1
20180215_185312_001350.jpg 1 1 480 640 -1
20180215_185312_001380.jpg 1 1 480 640 -1
20180215_185312_001410.jpg 1 1 480 640 -1
20180215_185312_001440.jpg 1 1 480 640 -1
20180215_185312_001470.jpg 1 1 480 640 -1
20180215_185312_001500.jpg 1 1 480 640 -1
20180215_185312_001530.jpg 1 1 480 640 -1
20180215_185312_001560.jpg 359 146 397 187 0 402 347 435 375 0 418 285 453 311 0 388 89 425 125 0
20180215_185312_001590.jpg 383 161 434 195 0 385 240 434 282 0 428 370 474 409 0
20180215_185312_001620.jpg 293 235 357 261 0 353 140 424 185 0 421 390 482 435 0
20180215_185312_001650.jpg 235 325 292 365 0 238 240 299 267 0 310 412 375 466 0 182 404 236 444 0 118 159 164 195 0 56 244 121 267 0 121 248 172 296 0 170 63 235 106 0
20180215_185312_001680.jpg 322 237 421 279 0
20180215_185312_001710.jpg 411 493 479 549 0
20180215_185312_001740.jpg 151 238 223 290 0 188 99 271 160 0 420 84 479 196 0 97 485 171 589 0
20180215_185312_001770.jpg 2 108 73 208 0 170 237 214 326 0 223 98 331 157 0 331 95 439 139 0
20180215_185312_001800.jpg 371 436 480 529 0 62 248 145 293 0 135 117 245 160 0 236 24 328 76 0 156 13 242 60 0
20180215_185312_001830.jpg 396 106 448 188 0 343 8 400 88 0 112 204 142 284 0 11 434 107 534 0 185 490 243 561 0 287 398 328 484 0 324 306 362 390 0 255 205 290 291 0 291 205 322 292 0 363 305 407 391 0 424 207 468 294 0 104 3 171 87 0 109 397 147 470 0
20180215_185312_001860.jpg 2 304 40 382 0 426 506 478 579 0 50 17 133 94 0 94 127 134 193 0 5 123 36 189 0
20180215_185312_001890.jpg 298 483 361 554 0 27 482 105 550 0 430 460 482 546 0
20180215_185312_001920.jpg 174 199 231 268 0 295 193 363 268 0 317 3 378 71 0 356 96 442 167 0 16 504 76 590 0 80 506 148 590 0 438 514 476 595 0 209 398 284 488 0 286 399 342 492 0 341 402 414 495 0 430 289 477 378 0 366 322 428 350 0 456 2 478 69 0 85 111 124 148 0
20180215_185312_001950.jpg 65 318 114 359 0 131 361 214 448 0 65 482 132 573 0 441 346 480 452 0
20180215_185312_001980.jpg 9 357 129 460 0 337 448 377 550 0 377 446 419 554 0 421 446 463 556 0
20180215_185312_002010.jpg 432 124 480 230 0 4 445 54 531 0 173 583 230 639 0 4 303 58 393 0 300 289 354 382 0
20180215_185312_002040.jpg 2 119 47 229 0 292 271 373 403 0
20180215_185312_002070.jpg 195 5 339 83 0 345 143 426 254 0 300 295 430 358 0 432 454 479 572 0
20180215_185312_002100.jpg 313 141 372 266 0 3 432 96 565 0 99 431 229 520 0
20180215_185312_002130.jpg 160 301 240 425 0 169 466 238 583 0
20180215_185312_002160.jpg 61 130 143 245 0
20180215_185312_002190.jpg 7 291 109 424 0 12 447 229 619 0
20180215_185312_002220.jpg 1 1 480 640 -1
20180215_185312_002250.jpg 1 1 480 640 -1
20180215_185312_002280.jpg 1 1 480 640 -1
20180215_185312_002310.jpg 125 442 178 479 0
20180215_185312_002340.jpg 1 1 480 640 -1
20180215_185312_002370.jpg 248 577 284 635 0
20180215_185312_002400.jpg 264 570 305 637 0
20180215_185312_002430.jpg 206 437 255 514 0 112 443 138 511 0 27 534 55 605 0
20180215_185312_002460.jpg 310 182 388 252 0 304 461 352 559 0 355 464 401 558 0
20180215_185312_002490.jpg 143 429 326 542 0 4 440 32 526 0 374 325 443 416 0 229 322 309 402 0 140 313 182 399 0
20180215_185312_002520.jpg 3 310 33 397 0 3 43 79 142 0
20180215_185312_002550.jpg 217 296 275 345 0 367 431 453 535 0 132 62 175 138 0 197 64 228 144 0
20180215_185312_002580.jpg 271 413 350 487 0
20180215_185312_002610.jpg 87 494 145 557 0 392 147 429 218 0 231 35 287 107 0 115 240 184 299 0 257 500 322 566 0
20180215_185312_002640.jpg 239 148 280 264 0 312 286 351 396 0 54 39 91 120 0
20180215_185312_002670.jpg 259 300 287 409 0
20180215_185312_002700.jpg 46 540 81 637 0
20180215_185312_002730.jpg 132 292 158 392 0
20180215_185312_002760.jpg 1 1 480 640 -1
20180215_185312_002790.jpg 1 1 480 640 -1
20180215_185312_002820.jpg 371 439 448 557 0
20180215_185312_002850.jpg 1 408 60 507 0
20180215_185312_002880.jpg 1 1 480 640 -1
20180215_185312_002910.jpg 1 1 480 640 -1
20180215_185312_002940.jpg 290 263 371 378 0 338 115 379 248 0 281 528 369 603 0
20180215_185312_002970.jpg 78 254 126 356 0 91 513 128 593 0
20180215_185312_003000.jpg 1 1 480 640 -1
20180215_185312_003030.jpg 1 1 480 640 -1
20180215_185312_003060.jpg 1 1 480 640 -1
20180215_185312_003090.jpg 1 1 480 640 -1
20180215_185312_003120.jpg 290 8 343 112 0 289 147 341 258 0 291 278 344 365 0
20180215_185312_003150.jpg 1 1 480 640 -1
20180215_185312_003180.jpg 1 1 480 640 -1
20180215_185312_003210.jpg 417 87 474 151 0 362 4 477 41 0
20180215_185312_003240.jpg 358 93 448 156 0 311 16 448 56 0
20180215_185312_003270.jpg 371 75 473 156 0 432 269 475 420 0 422 449 462 517 0
20180215_185312_003300.jpg 131 69 211 136 0 61 65 128 134 0 139 256 218 401 0 144 426 218 513 0 418 20 473 155 0
20180215_185312_003330.jpg 95 35 221 154 0 270 103 336 177 0
20180215_185312_003360.jpg 268 208 349 255 0 11 20 73 72 0 211 479 277 565 0 9 567 121 643 0
20180215_185312_003390.jpg 7 545 104 631 0 250 225 319 308 0
20180215_185312_003420.jpg 164 101 224 202 0 438 33 467 128 0 378 441 425 498 0
20180215_185312_003450.jpg 76 11 107 90 0 154 570 229 643 0 362 505 434 585 0 416 367 452 431 0 194 127 218 217 0 55 408 93 457 0
20180215_185312_003480.jpg 174 131 218 217 0 64 349 99 397 0 54 483 103 546 0
20180215_185312_003510.jpg 161 242 206 346 0 316 326 341 389 0 416 227 461 278 0
20180215_185312_003540.jpg 198 117 259 195 0 210 439 239 522 0 114 218 152 265 0 62 215 96 269 0 10 327 48 378 0
20180215_185312_003570.jpg 68 314 105 370 0 237 458 279 544 0 299 4 331 48 0
20180215_185312_003600.jpg 222 348 251 421 0 281 459 319 519 0
20180215_185312_003630.jpg 188 228 219 299 0 248 25 286 94 0 71 535 111 616 0
20180215_185312_003660.jpg 169 290 208 362 0
20180215_185312_003690.jpg 1 1 480 640 -1
20180215_185312_003720.jpg 144 528 257 580 0 294 487 371 572 0 224 172 292 255 0
20180215_185312_003750.jpg 106 383 147 459 0
20180215_185312_003780.jpg 218 242 293 332 0
20180215_185312_003810.jpg 164 499 221 587 0
20180215_185312_003840.jpg 1 1 480 640 -1
20180215_185312_003870.jpg 1 1 480 640 -1
20180215_185312_003900.jpg 224 208 291 297 0
20180215_185312_003930.jpg 1 1 480 640 -1
20180215_185312_003960.jpg 1 1 480 640 -1
20180215_185312_003990.jpg 1 1 480 640 -1
20180215_185312_004020.jpg 1 1 480 640 -1
20180215_185312_004050.jpg 1 1 480 640 -1
20180215_185312_004080.jpg 1 1 480 640 -1
20180215_185312_004110.jpg 21 504 234 636 0
20180215_185312_004140.jpg 318 170 455 373 0
20180215_185312_004170.jpg 1 176 128 366 0
20180215_185312_004200.jpg 1 1 480 640 -1
20180215_185312_004230.jpg 68 393 277 625 0 294 412 411 633 0 353 158 470 387 0
20180215_185312_004260.jpg 13 168 200 392 0 191 415 327 559 0 352 198 476 400 0
20180215_185312_004290.jpg 7 157 240 390 0 99 401 221 533 0 210 425 323 591 0 400 417 480 643 0
20180215_185312_004320.jpg 10 385 117 637 0
20180215_185312_004350.jpg 1 1 480 640 -1
20180215_185312_004380.jpg 43 173 159 317 0
20180215_185312_004410.jpg 1 1 480 640 -1
20180215_185312_004440.jpg 201 433 356 563 0 326 199 467 332 0
20180215_185312_004470.jpg 299 427 474 544 0 3 204 111 311 0
20180215_185312_004500.jpg 3 417 157 521 0
20180215_185312_004530.jpg 214 495 240 566 0 242 495 278 566 0 280 494 312 567 0
20180215_185312_004560.jpg 240 251 275 333 0 279 252 303 325 0 240 407 266 527 0 270 416 299 537 0 328 343 356 440 0
20180215_185312_004590.jpg 269 59 320 154 0
20180215_185312_004620.jpg 1 1 480 640 -1
20180215_185312_004650.jpg 1 1 480 640 -1
20180215_185312_004680.jpg 1 1 480 640 -1
20180215_185312_004710.jpg 1 1 480 640 -1
20180215_185312_004740.jpg 401 411 434 469 0
20180215_185312_004770.jpg 136 166 174 244 0 234 173 260 242 0 261 108 286 161 0 135 75 239 156 0 403 417 461 494 0 420 341 444 391 0 383 339 407 394 0 338 344 352 400 0 296 451 327 528 0
20180215_185312_004800.jpg 159 171 186 232 0 189 96 220 155 0 61 167 95 234 0 218 250 243 315 0 269 329 288 395 0 328 331 353 392 0 371 330 410 394 0 337 413 411 498 0 206 434 250 504 0 41 83 165 153 0
20180215_185312_004830.jpg 220 116 244 168 0 99 115 198 172 0 120 182 136 240 0 187 180 208 247 0 230 256 253 314 0 268 331 294 397 0 333 333 360 398 0 383 339 433 412 0 337 420 427 520 0 209 401 246 488 0
20180215_185312_004860.jpg 302 191 318 250 0 288 130 376 168 0 356 183 379 251 0 397 259 424 327 0 438 341 458 412 0 366 426 397 505 0
20180215_185312_004890.jpg 369 453 400 540 0 319 138 371 179 0 436 264 451 342 0 457 368 470 450 0
20180215_185312_004920.jpg 1 1 480 640 -1
20180215_185312_004950.jpg 1 1 480 640 -1
20180215_185312_004980.jpg 327 26 428 149 0
20180215_185312_005010.jpg 245 220 462 292 0 347 344 472 446 0
20180215_185312_005040.jpg 5 188 138 285 0 57 312 138 411 0 24 433 108 540 0 4 552 53 644 0 54 55 129 140 0
20180215_185312_005070.jpg 129 212 221 331 0 101 99 203 205 0 442 81 478 199 0
20180215_185312_005100.jpg 399 340 478 407 0
20180215_185312_005130.jpg 4 352 138 425 0 247 146 314 217 0 237 76 310 144 0 321 5 416 47 0
20180215_185312_005160.jpg 150 379 243 463 0 264 149 340 209 0 261 87 331 147 0
20180215_185312_005190.jpg 1 1 480 640 -1
20180215_185312_005220.jpg 1 1 480 640 -1
20180215_185312_005250.jpg 141 302 250 436 0 44 458 138 597 0
20180215_185312_005280.jpg 217 44 255 108 0
20180215_185312_005310.jpg 215 302 269 386 0 129 310 217 381 0 426 508 474 601 0
20180215_185312_005340.jpg 95 534 144 581 0 96 490 132 529 0 238 473 300 513 0 245 577 307 622 0 312 581 373 627 0 307 410 366 451 0 432 403 476 450 0 426 351 474 389 0 73 602 107 635 0
20180215_185312_005370.jpg 438 237 471 311 0 78 401 131 445 0 98 358 141 387 0 5 400 26 445 0 3 561 45 598 0 156 565 211 610 0 128 98 187 143 0
20180215_185312_005400.jpg 90 239 137 308 0 212 130 254 209 0 283 527 312 592 0 401 530 428 603 0 217 324 252 390 0 355 325 374 391 0
20180215_185312_005430.jpg 320 453 357 521 0 104 538 134 603 0 8 529 29 593 0 453 338 479 409 0
20180215_185312_005460.jpg 1 1 480 640 -1
20180215_185312_005490.jpg 1 1 480 640 -1
20180215_185312_005520.jpg 1 1 480 640 -1
20180215_185312_005550.jpg 1 1 480 640 -1
20180215_185312_005580.jpg 1 1 480 640 -1
20180215_185312_005610.jpg 1 1 480 640 -1
20180215_185312_005640.jpg 1 1 480 640 -1
20180215_185312_005670.jpg 1 1 480 640 -1
20180215_185312_005700.jpg 1 1 480 640 -1
20180215_185312_005730.jpg 1 1 480 640 -1
20180215_185312_005760.jpg 1 1 480 640 -1
20180215_185312_005790.jpg 370 516 413 582 0 291 293 334 332 0
20180215_185312_005820.jpg 96 81 156 141 0 448 261 478 301 0 394 79 438 110 0
20180215_185312_005850.jpg 84 248 141 284 0 16 73 61 101 0
20180215_185312_005880.jpg 307 291 370 353 0
20180215_185312_005910.jpg 1 1 480 640 -1
20180215_185312_005940.jpg 104 440 150 499 0
20180215_185312_005970.jpg 189 257 251 306 0
20180215_185312_006000.jpg 324 6 471 58 0 388 526 449 619 0
20180215_185312_006030.jpg 113 452 238 545 0
20180215_185312_006060.jpg 269 44 317 116 0
20180215_185312_006090.jpg 71 153 107 221 0
20180215_185312_006120.jpg 309 15 354 82 0
20180215_185312_006150.jpg 142 153 210 189 0 305 155 369 181 0 455 153 478 199 0 162 288 246 334 0 208 88 283 116 0 177 547 222 628 0
20180215_185312_006180.jpg 129 171 200 198 0 129 149 201 167 0 273 155 349 178 0 3 144 58 173 0 153 103 221 121 0 325 220 389 264 0
20180215_185312_006210.jpg 1 1 480 640 -1
20180215_185312_006240.jpg 1 1 480 640 -1
20180215_185312_006270.jpg 358 490 400 533 0
20180215_185312_006300.jpg 76 484 130 546 0 138 491 211 557 0 178 408 233 475 0 115 402 175 463 0 94 226 140 318 0 235 81 268 165 0 312 262 369 292 0 388 265 426 293 0 327 355 355 376 0 397 353 424 385 0 406 436 442 462 0 334 434 361 453 0 335 456 346 468 0 404 294 413 307 0 433 263 461 282 0 339 176 426 192 0 347 194 395 204 0 440 179 459 209 0
20180215_185312_006330.jpg 162 363 208 456 0 167 469 206 544 0 373 492 409 567 0 253 52 302 157 0 156 54 212 150 0
20180215_185312_006360.jpg 1 1 480 640 -1
20180215_185312_006390.jpg 1 1 480 640 -1
20180215_185312_006420.jpg 131 179 177 238 0 39 16 119 134 0 256 196 292 243 0 211 517 281 601 0
20180215_185312_006450.jpg 52 184 103 242 0 182 187 244 242 0 186 496 259 589 0
20180215_185312_006480.jpg 175 201 218 243 0 55 207 103 247 0 191 485 257 586 0
20180215_185312_006510.jpg 187 208 223 244 0 102 213 134 246 0 210 471 267 580 0 74 110 109 189 0
20180215_185312_006540.jpg 208 198 252 244 0 209 478 276 576 0 325 66 393 184 0
20180215_185312_006570.jpg 143 491 179 570 0 373 9 436 90 0
20180215_185312_006600.jpg 305 428 476 518 0 403 335 477 421 0 129 3 210 63 0
20180215_185312_006630.jpg 11 451 238 533 0 95 358 204 425 0 132 249 180 326 0
20180215_185312_006660.jpg 219 211 259 330 0 250 158 285 334 0 188 209 224 335 0 402 75 439 207 0 383 469 436 552 0
20180215_185312_006690.jpg 77 436 137 509 0 187 166 226 332 0
20180215_185312_006720.jpg 322 350 401 492 0
20180215_185312_006750.jpg 40 344 117 465 0 238 188 341 298 0 339 170 471 280 0 384 26 474 171 0
20180215_185312_006780.jpg 92 330 217 467 0 287 197 439 327 0 152 168 287 292 0 25 167 145 257 0 40 27 400 177 0
20180215_185312_006810.jpg 1 1 480 640 -1
20180215_185312_006840.jpg 99 346 244 454 0 280 182 389 332 0
20180215_185312_006870.jpg 161 179 288 252 0 280 160 477 264 0
20180215_185312_006900.jpg 115 179 252 302 0 157 6 294 148 0 268 191 429 272 0 4 175 101 258 0 5 343 88 432 0 96 342 250 439 0 253 342 411 437 0 426 24 475 157 0
20180215_185312_006930.jpg 65 32 268 160 0 257 190 448 250 0 290 360 423 450 0 7 364 94 428 0 4 197 71 264 0
20180215_185312_006960.jpg 300 246 474 342 0 360 112 423 211 0 229 109 345 161 0 4 357 88 444 0 5 176 73 229 0
20180215_185312_006990.jpg 4 240 258 344 0 425 10 474 63 0 172 12 214 73 0
20180215_185312_007020.jpg 63 231 108 281 0 196 87 306 160 0
20180215_185312_007050.jpg 93 308 167 411 0 260 454 321 567 0 51 458 121 570 0 192 452 258 572 0 339 316 407 420 0 438 459 479 564 0
20180215_185312_007080.jpg 146 427 218 549 0 75 421 145 547 0 289 428 372 564 0
20180215_185312_007110.jpg 150 115 474 267 0
20180215_185312_007140.jpg 264 105 394 260 0 4 95 41 233 0 296 428 377 563 0
20180215_185312_007170.jpg 196 125 258 265 0 56 7 193 62 0
20180215_185312_007200.jpg 6 124 76 269 0
20180215_185312_007230.jpg 1 1 480 640 -1
20180215_185312_007260.jpg 1 1 480 640 -1
20180215_185312_007290.jpg 1 1 480 640 -1
20180215_185312_007320.jpg 1 1 480 640 -1
20180215_185312_007350.jpg 1 1 480 640 -1
20180215_185312_007380.jpg 1 1 480 640 -1
20180215_185312_007410.jpg 333 403 413 516 0
20180215_185312_007440.jpg 310 279 391 390 0 51 391 132 509 0 22 265 104 379 0 413 403 473 521 0 301 127 391 248 0
20180215_185312_007470.jpg 7 126 48 226 0 7 254 66 367 0 85 392 168 492 0
20180215_185312_007500.jpg 121 515 217 628 0 214 121 303 248 0
20180215_185312_007530.jpg 1 1 480 640 -1
20180215_185312_007560.jpg 1 1 480 640 -1
20180215_185312_007590.jpg 350 430 469 528 0
20180215_185312_007620.jpg 6 387 108 492 0
20180215_185312_007650.jpg 3 520 61 627 0
20180215_185312_007680.jpg 160 265 230 370 0 277 13 356 108 0
20180215_185312_007710.jpg 97 260 159 317 0 155 261 217 320 0 218 265 283 329 0 286 266 362 330 0 157 530 219 638 0
20180215_185312_007740.jpg 1 1 480 640 -1
20180215_185312_007770.jpg 227 288 262 374 0 263 292 306 381 0 361 419 419 509 0 287 12 337 106 0 422 550 470 639 0
20180215_185312_007800.jpg 57 525 119 631 0 234 514 293 628 0
20180215_185312_007830.jpg 242 138 305 240 0 370 41 419 128 0
20180215_185312_007860.jpg 316 44 347 117 0 354 42 387 115 0 340 563 419 602 0
20180215_185312_007890.jpg 1 1 480 640 -1
20180215_185312_007920.jpg 1 1 480 640 -1
20180215_185312_007950.jpg 1 1 480 640 -1
20180215_185312_007980.jpg 1 1 480 640 -1
20180215_185312_008010.jpg 1 1 480 640 -1
20180215_185312_008040.jpg 1 1 480 640 -1
20180215_185312_008070.jpg 1 1 480 640 -1
20180215_185312_008100.jpg 1 1 480 640 -1
20180215_185312_008130.jpg 1 1 480 640 -1
20180215_185312_008160.jpg 1 1 480 640 -1
20180215_185312_008190.jpg 1 1 480 640 -1
20180215_185312_008220.jpg 341 206 396 290 0
20180215_185312_008250.jpg 287 192 356 275 0
20180215_185312_008280.jpg 274 196 334 277 0
20180215_185312_008310.jpg 330 197 400 286 0 88 249 124 284 0 97 214 121 238 0 47 206 80 224 0
20180215_185312_008340.jpg 402 210 457 307 0 257 266 283 300 0 269 228 288 249 0 222 227 252 243 0
20180215_185312_008370.jpg 1 1 480 640 -1
20180215_185312_008400.jpg 1 1 480 640 -1
20180215_185312_008430.jpg 399 301 469 347 0 325 292 387 325 0 248 282 320 332 0 175 277 233 322 0 78 272 164 315 0 445 75 475 157 0
20180215_185312_008460.jpg 63 62 130 137 0 123 278 187 317 0 46 271 115 312 0
20180215_185312_008490.jpg 240 273 308 323 0 310 281 376 333 0 165 278 233 326 0
20180215_185312_008520.jpg 169 330 233 367 0 177 288 239 328 0 323 285 397 329 0 241 277 320 328 0
20180215_185312_008550.jpg 179 298 269 377 0 377 302 449 394 0
20180215_185312_008580.jpg 12 259 62 353 0
20180215_185312_008610.jpg 343 448 392 524 0
20180215_185312_008640.jpg 172 494 202 638 0
20180215_185312_008670.jpg 1 1 480 640 -1
20180215_185312_008700.jpg 79 331 161 399 0 114 567 175 643 0
20180215_185312_008730.jpg 138 248 189 290 0
20180215_185312_008760.jpg 268 486 314 551 0 423 245 456 313 0
20180215_185312_008790.jpg 114 392 161 476 0 153 392 192 476 0 187 397 225 479 0 123 317 163 384 0 322 245 362 319 0 188 483 222 542 0 86 477 128 529 0
20180215_185312_008820.jpg 230 281 256 314 0 229 248 257 277 0 98 86 213 142 0 448 474 479 533 0
20180215_185312_008850.jpg 92 361 154 419 0 99 433 154 496 0 145 87 194 130 0
20180215_185312_008880.jpg 68 183 102 222 0 435 195 478 239 0 350 22 444 75 0 202 453 253 510 0
20180215_185312_008910.jpg 203 196 240 232 0 281 202 320 233 0 201 195 279 269 0 112 33 204 83 0 379 206 427 256 0 9 429 53 480 0
20180215_185312_008940.jpg 114 204 150 252 0 9 205 80 240 0
20180215_185312_008970.jpg 1 1 480 640 -1
20180215_185312_009000.jpg 1 1 480 640 -1
20180215_185312_009030.jpg 1 1 480 640 -1
20180215_185312_009060.jpg 1 1 480 640 -1
20180215_185312_009090.jpg 1 1 480 640 -1
20180215_185312_009120.jpg 1 1 480 640 -1
20180215_185312_009150.jpg 1 1 480 640 -1
20180215_185312_009180.jpg 1 1 480 640 -1
20180215_185312_009210.jpg 45 110 122 249 0 47 344 106 453 0
20180215_185312_009240.jpg 1 1 480 640 -1
20180215_185312_009270.jpg 238 328 296 486 0
20180215_185312_009300.jpg 319 93 364 224 0
20180215_185312_009330.jpg 358 20 418 124 0
20180215_185312_009360.jpg 1 1 480 640 -1
20180215_185312_009390.jpg 1 1 480 640 -1
20180215_185312_009420.jpg 1 1 480 640 -1
20180215_185312_009450.jpg 1 1 480 640 -1
20180215_185312_009480.jpg 1 1 480 640 -1
20180215_185312_009510.jpg 1 1 480 640 -1
20180215_185312_009540.jpg 1 1 480 640 -1
20180215_185312_009570.jpg 1 1 480 640 -1
20180215_185312_009600.jpg 1 1 480 640 -1
20180215_185312_009630.jpg 1 1 480 640 -1
20180215_185312_009660.jpg 1 1 480 640 -1
20180215_185312_009690.jpg 1 1 480 640 -1
20180215_185312_009720.jpg 1 1 480 640 -1
20180215_185312_009750.jpg 1 1 480 640 -1
20180215_185312_009780.jpg 1 1 480 640 -1
20180215_185312_009810.jpg 237 317 317 498 0 177 507 274 634 0
20180215_185312_009840.jpg 150 322 223 448 0 2 475 49 606 0 15 312 56 464 0 181 463 246 563 0
20180215_185312_009870.jpg 49 307 99 411 0 43 428 135 521 0
20180215_185312_009900.jpg 41 398 109 490 0 180 305 209 389 0
20180215_185312_009930.jpg 129 379 160 445 0 221 302 256 391 0
20180215_185312_009960.jpg 389 311 421 414 0 370 175 427 276 0 399 37 435 137 0 308 453 341 566 0
20180215_185312_009990.jpg 248 306 296 411 0 151 316 190 419 0 217 164 259 277 0 147 453 194 547 0
20180215_185312_010020.jpg 1 1 480 640 -1
20180215_185312_010050.jpg 353 386 421 470 0
20180215_185312_010080.jpg 179 377 257 452 0 14 482 84 549 0 264 9 370 82 0
20180215_185312_010110.jpg 273 363 321 454 0
20180215_185312_010140.jpg 1 1 480 640 -1
20180215_185312_010170.jpg 342 442 382 499 0 276 400 310 443 0 309 397 340 448 0 342 393 377 437 0 399 564 435 625 0 394 519 429 558 0 433 518 469 567 0 404 185 448 211 0 357 160 402 189 0 408 158 444 184 0 449 153 475 185 0 452 190 478 210 0 41 187 121 256 0 117 537 151 608 0
20180215_185312_010200.jpg 260 293 297 351 0 257 237 295 292 0 300 244 338 302 0 273 132 318 185 0 227 24 264 92 0 5 488 46 525 0 3 528 26 572 0
20180215_185312_010230.jpg 240 141 316 181 0 321 138 403 182 0 408 134 480 179 0 99 13 169 57 0 421 4 478 47 0 62 384 99 464 0 397 553 483 600 0 394 508 475 547 0 342 384 417 441 0
20180215_185312_010260.jpg 54 425 127 469 0 54 383 125 418 0 7 504 80 580 0 224 19 347 54 0 148 20 229 62 0 290 249 406 284 0 312 495 399 534 0 403 491 475 537 0
20180215_185312_010290.jpg 209 393 331 473 0 207 261 273 344 0 238 10 349 64 0 60 593 125 644 0 13 349 97 396 0 110 353 204 397 0 340 368 440 420 0 449 374 486 420 0 285 239 408 288 0
20180215_185312_010320.jpg 351 427 432 522 0 355 527 427 608 0 401 163 472 258 0 148 156 188 257 0
20180215_185312_010350.jpg 148 177 201 264 0 12 174 74 266 0 439 170 477 258 0
20180215_185312_010380.jpg 1 1 480 640 -1
20180215_185312_010410.jpg 302 294 437 391 0 131 605 201 637 0
20180215_185312_010440.jpg 314 400 399 488 0
20180215_185312_010470.jpg 220 191 296 302 0 3 365 59 454 0 388 71 475 180 0
20180215_185312_010500.jpg 235 310 301 390 0 22 312 76 387 0 442 224 474 302 0 256 99 305 182 0
20180215_185312_010530.jpg 150 226 259 303 0 182 331 255 399 0 331 143 386 215 0 247 136 291 206 0 306 240 346 308 0
20180215_185312_010560.jpg 1 1 480 640 -1
20180215_185312_010590.jpg 1 1 480 640 -1
20180215_185312_010620.jpg 1 1 480 640 -1
20180215_185312_010650.jpg 1 1 480 640 -1
20180215_185312_010680.jpg 1 1 480 640 -1
20180215_185312_010710.jpg 1 1 480 640 -1
20180215_185312_010740.jpg 1 1 480 640 -1
20180215_185312_010770.jpg 143 396 174 492 0
20180215_185312_010800.jpg 215 251 278 361 0 180 108 222 214 0 350 507 390 615 0 417 520 453 620 0
20180215_185312_010830.jpg 344 517 370 597 0 394 517 422 609 0
20180215_185312_010860.jpg 231 511 253 608 0
20180215_185312_010890.jpg 342 525 383 623 0 230 402 264 492 0
20180215_185312_010920.jpg 12 512 59 602 0
20180215_185312_010950.jpg 345 524 384 616 0
20180215_185312_010980.jpg 129 391 173 486 0 55 526 78 600 0 416 101 466 213 0 181 259 215 352 0
20180215_185312_011010.jpg 279 112 363 204 0 388 473 477 547 0 163 329 211 424 0 38 104 95 212 0
20180215_185312_011040.jpg 8 423 200 511 0 122 544 188 630 0 28 71 81 174 0 8 4 122 40 0 111 331 148 420 0
20180215_185312_011070.jpg 97 518 158 628 0
20180215_185312_011100.jpg 1 1 480 640 -1
20180215_185312_011130.jpg 172 256 202 360 0
20180215_185312_011160.jpg 293 286 343 366 0
20180215_185312_011190.jpg 344 153 412 214 0 235 163 328 204 0 400 52 476 91 0
20180215_185312_011220.jpg 77 170 228 217 0 256 52 405 79 0
20180215_185312_011250.jpg 1 1 480 640 -1
20180215_185312_011280.jpg 1 1 480 640 -1
20180215_185312_011310.jpg 283 258 409 305 0 238 144 312 200 0 239 36 299 120 0
20180215_185312_011340.jpg 255 157 323 208 0 307 248 397 314 0
20180215_185312_011370.jpg 1 1 480 640 -1
20180215_185312_011400.jpg 141 129 458 221 0
20180215_185312_011430.jpg 155 249 225 330 0 311 35 358 104 0
20180215_185312_011460.jpg 295 262 370 336 0 42 146 79 223 0
20180215_185312_011490.jpg 411 262 459 330 0 379 63 446 134 0
20180215_185312_011520.jpg 201 136 260 173 0 263 134 312 182 0 303 326 358 375 0 304 419 362 535 0 41 217 82 281 0 13 37 60 101 0
20180215_185312_011550.jpg 268 332 321 373 0 153 133 205 172 0 210 134 264 180 0 391 130 474 174 0 95 41 151 87 0 143 549 197 605 0 236 456 292 538 0 353 544 407 611 0
20180215_185312_011580.jpg 1 1 480 640 -1
20180215_185312_011610.jpg 443 340 478 382 0
20180215_185312_011640.jpg 112 408 172 473 0 5 316 37 357 0 286 570 346 629 0 440 435 478 493 0
20180215_185312_011670.jpg 39 385 108 441 0
20180215_185312_011700.jpg 1 1 480 640 -1
20180215_185312_011730.jpg 61 145 120 225 0 107 341 154 401 0 125 145 223 192 0
20180215_185312_011760.jpg 88 154 152 230 0 217 157 272 197 0 88 42 144 117 0 406 55 467 105 0
20180215_185312_011790.jpg 324 61 386 110 0
20180215_185312_011820.jpg 86 67 155 153 0 211 70 263 149 0 396 1 441 41 0
20180215_185312_011850.jpg 146 53 186 136 0 75 4 110 29 0
20180215_185312_011880.jpg 374 156 409 246 0
20180215_185312_011910.jpg 1 1 480 640 -1
20180215_185312_011940.jpg 1 1 480 640 -1
20180215_185312_011970.jpg 1 1 480 640 -1
20180215_185312_012000.jpg 1 1 480 640 -1
20180215_185312_012030.jpg 247 385 288 417 0 311 464 350 488 0
20180215_185312_012060.jpg 1 1 480 640 -1
20180215_185312_012090.jpg 186 343 297 465 0
20180215_185312_012120.jpg 157 416 244 533 0 150 265 209 328 0 201 262 274 331 0 288 277 364 353 0 204 116 261 210 0
20180215_185312_012150.jpg 37 142 106 238 0 167 32 226 132 0 317 33 367 141 0 203 286 259 378 0
20180215_185312_012180.jpg 113 322 169 386 0 126 446 181 515 0 390 193 452 312 0 328 30 386 138 0
20180215_185312_012210.jpg 316 244 453 357 0 28 492 139 613 0
20180215_185312_012240.jpg 320 69 459 332 0 299 375 465 616 0
20180215_185312_012270.jpg 187 95 424 319 0 89 395 275 643 0 269 403 454 622 0
20180215_185312_012300.jpg 32 65 465 329 0 7 360 467 608 0
20180215_185312_012330.jpg 1 1 480 640 -1
20180215_185312_012360.jpg 112 285 286 415 0 294 286 469 496 0
20180215_185312_012390.jpg 19 266 165 457 0 168 268 318 381 0 317 263 475 382 0 169 487 308 602 0 31 482 168 598 0 161 111 294 251 0 40 29 123 98 0
20180215_185312_012420.jpg 4 243 101 361 0 111 245 244 370 0 266 356 435 479 0 262 263 430 355 0 68 466 237 563 0
20180215_185312_012450.jpg 261 299 358 402 0 434 302 473 411 0
20180215_185312_012480.jpg 63 271 101 376 0 316 436 380 571 0 299 301 339 408 0
20180215_185312_012510.jpg 422 318 478 427 0 380 456 471 576 0 2 400 58 529 0 352 26 389 140 0
20180215_185312_012540.jpg 32 264 103 382 0 10 406 85 534 0 440 41 474 112 0 425 363 474 476 0
20180215_185312_012570.jpg 58 330 157 418 0 270 449 340 550 0 419 339 474 442 0 397 230 435 317 0 119 561 205 637 0 5 552 73 632 0 20 12 76 78 0 89 8 112 72 0
20180215_185312_012600.jpg 177 205 214 300 0 278 213 333 308 0 207 323 251 414 0 15 311 85 404 0 392 109 468 238 0 5 10 32 60 0
20180215_185312_012630.jpg 118 100 172 223 0 15 313 42 394 0
20180215_185312_012660.jpg 193 228 373 359 0 280 235 427 303 0 56 142 113 231 0
20180215_185312_012690.jpg 49 223 172 347 0 168 226 285 298 0
20180215_185312_012720.jpg 5 217 57 324 0 63 216 172 283 0 363 235 418 293 0
20180215_185312_012750.jpg 312 241 364 295 0 76 215 135 272 0 4 214 72 294 0
20180215_185312_012780.jpg 269 230 373 300 0 339 84 382 214 0
20180215_185312_012810.jpg 162 103 254 209 0
20180215_185312_012840.jpg 209 357 236 446 0 445 273 475 317 0 424 477 454 571 0
20180215_185312_012870.jpg 203 481 261 567 0 260 400 297 462 0 430 356 466 416 0 419 445 482 501 0
20180215_185312_012900.jpg 244 240 368 314 0 10 387 57 432 0 176 403 241 463 0 32 194 170 252 0 214 73 239 126 0
20180215_185312_012930.jpg 12 233 98 297 0 395 264 473 332 0 286 256 346 317 0 277 416 341 471 0
20180215_185312_012960.jpg 125 249 217 306 0 36 244 84 297 0 41 378 87 451 0 193 326 337 386 0 264 490 335 557 0 449 126 477 193 0 113 11 141 64 0
20180215_185312_012990.jpg 4 297 64 359 0 6 439 57 514 0 250 312 307 382 0 309 316 405 359 0 407 421 466 572 0 349 107 429 145 0
20180215_185312_013020.jpg 18 293 113 330 0 103 384 173 532 0 261 308 306 360 0 327 418 372 456 0 413 420 449 459 0 239 196 309 251 0 57 88 165 138 0 452 421 479 461 0
20180215_185312_013050.jpg 164 212 205 266 0 250 317 333 362 0 287 120 328 182 0 427 204 470 258 0 185 411 247 447 0
20180215_185312_013080.jpg 163 406 205 458 0 144 206 228 254 0 1 301 55 339 0 179 115 235 175 0 10 104 61 165 0 328 104 408 192 0
20180215_185312_013110.jpg 106 106 161 144 0 1 112 55 180 0 277 194 376 233 0 261 327 312 420 0 326 442 430 518 0 360 499 446 597 0 432 193 472 231 0 456 335 473 425 0
20180215_185312_013140.jpg 64 302 110 386 0 5 403 64 549 0 76 75 118 120 0 45 163 89 204 0 247 328 281 370 0 369 451 401 490 0 403 99 476 148 0
20180215_185312_013170.jpg 23 81 115 122 0 92 88 162 156 0 169 306 217 404 0 3 402 36 444 0 419 204 472 259 0
20180215_185312_013200.jpg 134 303 177 351 0 259 315 303 368 0 103 188 175 237 0 238 13 366 86 0 351 125 409 193 0 454 382 478 470 0
20180215_185312_013230.jpg 136 326 177 419 0 272 339 339 443 0 245 453 349 530 0 218 98 248 195 0 250 244 313 333 0 407 385 474 459 0 18 77 65 149 0
20180215_185312_013260.jpg 132 89 187 189 0 4 326 58 419 0 121 340 165 415 0 11 439 87 505 0 90 430 164 475 0 408 445 483 484 0 385 343 420 426 0
20180215_185312_013290.jpg 107 322 135 401 0 107 417 176 465 0 180 429 250 477 0 259 437 331 488 0 344 452 430 508 0
20180215_185312_013320.jpg 121 107 164 192 0 56 99 87 182 0 73 420 142 461 0 1 414 69 451 0 154 3 190 70 0 328 406 360 482 0
20180215_185312_013350.jpg 48 382 76 448 0 318 452 361 549 0
20180215_185312_013380.jpg 28 412 62 505 0
20180215_185312_013410.jpg 1 1 480 640 -1
20180215_185312_013440.jpg 1 1 480 640 -1
20180215_185312_013470.jpg 405 437 429 477 0
20180215_185312_013500.jpg 8 406 30 443 0
20180215_185312_013530.jpg 1 1 480 640 -1
20180215_185312_013560.jpg 9 258 44 309 0 97 212 123 254 0
20180215_185312_013590.jpg 1 1 480 640 -1
20180215_185312_013620.jpg 330 197 385 243 0
20180215_185312_013650.jpg 412 382 473 437 0 208 375 266 407 0
20180215_185312_013680.jpg 173 349 267 417 0 294 357 347 402 0 352 357 409 389 0 106 348 170 381 0
20180215_185312_013710.jpg 76 349 160 391 0 247 369 339 409 0
20180215_185312_013740.jpg 1 1 480 640 -1
20180215_185312_013770.jpg 1 1 480 640 -1
20180215_185312_013800.jpg 1 1 480 640 -1
20180215_185312_013830.jpg 354 185 394 228 0
20180215_185312_013860.jpg 432 110 477 158 0
20180215_185312_013890.jpg 226 129 274 172 0
20180215_185312_013920.jpg 45 138 92 179 0
20180215_185312_013950.jpg 275 385 326 434 0
20180215_185312_013980.jpg 432 293 474 325 0
20180215_185312_014010.jpg 208 281 261 311 0 321 268 369 315 0 392 113 443 160 0
20180215_185312_014040.jpg 63 92 93 144 0
20180215_185312_014070.jpg 1 1 480 640 -1
20180215_185312_014100.jpg 311 178 392 218 0 299 265 341 314 0
20180215_185312_014130.jpg 301 315 382 350 0
20180215_185312_014160.jpg 150 297 221 346 0 330 167 411 213 0 408 334 439 383 0
20180215_185312_014190.jpg 221 302 269 352 0 259 196 295 246 0 140 146 178 184 0 6 284 45 323 0
20180215_185312_014220.jpg 64 280 110 323 0 109 183 142 233 0 378 83 408 142 0
20180215_185312_014250.jpg 239 157 286 208 0
20180215_185312_014280.jpg 352 286 394 340 0
