20180215_185312_000030.jpg 1 1 641 481 -1
20180215_185312_000060.jpg 1 1 641 481 -1
20180215_185312_000090.jpg 1 1 641 481 -1
20180215_185312_000660.jpg 1 1 641 481 -1
20180215_185312_000870.jpg 1 1 641 481 -1
20180215_185312_000900.jpg 1 1 641 481 -1
20180215_185312_000930.jpg 1 1 641 481 -1
20180215_185312_001110.jpg 1 1 641 481 -1
20180215_185312_001200.jpg 1 1 641 481 -1
20180215_185312_001230.jpg 1 1 641 481 -1
20180215_185312_001290.jpg 1 1 641 481 -1
20180215_185312_001320.jpg 1 1 641 481 -1
20180215_185312_001350.jpg 1 1 641 481 -1
20180215_185312_001380.jpg 1 1 641 481 -1
20180215_185312_001410.jpg 1 1 641 481 -1
20180215_185312_001440.jpg 1 1 641 481 -1
20180215_185312_001470.jpg 1 1 641 481 -1
20180215_185312_001500.jpg 1 1 641 481 -1
20180215_185312_001530.jpg 1 1 641 481 -1
